(²⁰⁰)

il 31311313 colere 13 11111331 131331111131, 111, 1113 1133131313 1133
33 31333333 1 03311133, 111, 115, 11113 03311133 quiue 11133 1 33 1133133113,
159.

, 8133311113133.1111113133.

Scor 113 seigneur de). 11 1333313 03311133, 111.

8313111133. 1133 831311.

1113113133. 6313313 3113311 111 81131113.

T.

1111331113 13113111313131131131 13133133333.11 traverso 13 113313-
1313, 108311 curret 1333133, 1093 333 gens 1313331 133 deputes 11133313 1
131131333131131313,111 3 colere 13333 3333133113 13313133313111;11
reprochc 1 1133331331 1131311 13331 aux 11133313 des espe'ronces pour 13

“ prix, 1153 0311111113 13 1311111131 113 13113 133331 1331313333 dans 13 pays,
116; 111311331 133 11133113 des 11133313, 117; 11 31131133 133 1333333313-
11333 13 Hnmbercourt, 1111; 11 retient prisonniers 133 1111331313 13111313
1131111133, 115311 33313311311011113, 1119331131 1131313131 1331331333333,
1113 11 1311 munder 03311133 333113 13 131, 115, 1163 333 camp 1131111 1
11131331, 111311331331 33-13133111033111113, 1173 333 intestines contre
133 11133313, 118 ; 13313 13 Bourbon intercede 333113 13 13133 fureur
1133 11133313,119; 11311111 prendre 11133 31 tes 11133313 33 33 3333311331,
150311 1311 des excuses au 11331 pour 13 333131131313331311111331, 1113
13311133313 acceptent tontes 333 3331111333, tun, 11 repoussc 133 proposi-
1133313311133313,158313 ouo Chartes 131 1311 1111313 13331113 13 11331
3311113111, 161, 1613 1133113 1111313115.

1111111111, (1313331333331333333 1103311133, 1163 11 33113033111113 331
1313313 13113331113111, 111.

1333111, bonne 1111313 pays 1311133. tonis de Bonrbon s’y trouve,
’173111113333113333 133133-13331 03311133, 78, 19; 03311133 33 rendit
1333133, 81, 813131331133 1331113331311311311131113111113113 33 33113
11113, 853 11313131333113111131 1333133, 853 13 ville surprise ptr 133 111-
33313 13-131313331113313131313313111113113, 109 ; 1133331331 113111
31131131111111111113 113311111131, 1153 133 331113113 dc 111 11113 1313313,
1103133133133133333 331113311333133, 111313 surprise de cette 11113
3111111313 1 13313 de 133113331103311133, 111, 1111111).

Treuu, roy. 11113333 111 113311.

1133311133, 133111311311111311111133.

111131. Philipps, 1133 de 1133133333, 3113313 333 expedition contre 133
13133, 5; 13313313 13133313 3311 1113331313311313 1 133 3313131113, 83 133
11133313 promouent uo 33131113 133313 3113131131, 11.

 

