(196)

100 (1000100, 151ς 11 0001001000110, 155, 151; 00 011001100 00111000, 1550
000000000 001101000οε 'a 0001010 0000000, 151011 temne 00 millen des ’ ff
000000100000, 157; 11 00000001 100 000101ου10000ηο 00000100 10 00010 10 ’
11000000 0000 10 100 (1000100, 1580 00000000000110100000 01000000,
1510001000 0010000100 000 1000 10 1011000 01 1110001110, 110, 111; 11
10000100 00010 000 00100000 0000 10100, 111ς 0011010000 000 10010 10

. 11000000, 111; 00010111 0000100, 111ς 000 000000110010000111010 000
0001000, 115; 0000001 000 000 0001 000 10 seigneur 10 snas, ¹4⁴3 1110100010
en 0010 1 0010 0001010 11000000 00 1000 10 1011000, 111;100 11000001-
gnons 000101100110100101100 110 000000, 11“0“; mando? 00000010 1100001
10 110010001οΙ, 115, 1110 0001011 1 11100001, 117; 0000000000 1101000ῑί001
0011101111 1010001100001001101, 150, 151 ;11001001000011001010 000000
10101 0000 0010010 100 01000010 000 0000100100 00001010, 111; on 101
1011 100 excuses 0000 10 0001011010 1000 10 1011000, 151, 10101 000010-
mande 000 compagnons 1 1000 10 0011000, 111011 00 0001 11000 000000
10 00010 10 0000000, 150 1000 10 (1011000 0001 10000000 00 unumne,
151; 00010000110000001001000 10 (1011000,155; 11 00010000 1101000οη1100
10000101011000000,.155;11 0001 001000 1000100, 1563 100 01000010 101
demandent 10 00010001 01000, 1510 11 00 010101101000 10 0011000 00
100 1000100,1Ξ19;110001 100 11οο0001000ηο 00 gande 00010010 10011000
100 01100010,160; 00 0110011οο 00111000 1 1000, 161; 10 100 11000100 101
10110000100011 001 11010, 161, 11150 11 0000000 110100110010 00 0011000 00
1100 00011011 001110 0001010 11000000 01 100 00010 10100010 0000-
guignonne, 10011 se met 00 00010 0000 0000101001, 166ς110001001
0100001001, 1117; 000001111 000 10 0000101100 01 000 100 00000100010
80800000, 111; 00101011 01000101001000 000 gens, 171ς 10 00011 10 a
0100100 0000011 01000, 171 ; altitude 10 100 charles en recenant 00 letne, '
171.

’ Ostende, 000. 100000010010010,

01010 (00 11000001 1100), village 0000 10 1000000. 00010100 01 0001010
11000000 00010110 00 00110 10001110 000100 000000100000, 157; 100 000100·
0000010100οῑ y sont 0010000 00100001000, 111, 115.

0000-110000,001010010 10 01110 10 11000. Les 000010 0000000011

’ 0010001100000010110000000,00,00,10.

Ρ.

Ρο10. (1000100 00100100 01000010 01 100 0000001000ηο 00000 10 00100 10
010001, 111- Ρο10 10 8010110001, signiae 00100 10 10010 0000000110,

 

