( 1311

113313; 333 compagnons 33 voyage, 5(1; 11 tumbe 31313333 11313333, am 11
333133 33 condit 3 colegno, 51; 11 313313113 313 3331113333, pres 33 11333,
51 ;11133311133 3333133113 3131333133 13 bourgeoisie, 533 11 1313113131311,
55;1133331313331313133333 11333313, 55,51; 11 331333 3 Bruges 333133
33 333 1133113353 333333131311333 amicales 3133 13 333, 5113 11 33133333
3333133 31333131 33 33313333, 55, 363 13313 33 3333333 13133133313 de
ses 3331313333, 51, 58, 13333 (1331133 1333333 3 33 pas 31133313 son 131331
3 1113333, 59, 11 1311 333331133 31331 11 13 13331131 deses 3333313113333133
13 33310311 311333 13 333 3 1113331133,111; 333 efforts pour 3313313 33 333
33313331333113333 13 3311( 33 saint-Trond, 11; 333 331133333 3333 13 333
charles, 11; 11 13333 33331331 13 33131333333, 15 3 333333 par ie duc 33
s’entendre 3133 133 11333313 331 13313 protentione, 11; 11 13313313 11333,
11; comment 11 31111331 331313 3133313 33 33331113 (13 5113313311, 11; 11

prend 3333 33 protectior 133 3113333333313311331331311333,50;1333333 “

3333 33 33331113 ρ31133333313,51 ; 11 331333 (13 3311131 11333, ot ; ii de'clare
331( 333313 qu'ii 331 3131 3-13333331 3 33 31133133, 523 11 33111313 3 81-133-
’ ques 3133 133 deputes des 331313,55;1133113111 un sani-conduit 3331 133
deputes des Lie'geois 33 1333331 311333111331, 51; 11 33 31333333 31131
, trouver 13313 33 11331333 3 maestricht, 51; 3333333113 3311331333 par 133
333313, 55; 311313 331 133 331333313 3113331333, 553 11 313313113 33 333-
1331 33 11331333313 3333 33 maestricht, 116; 11 1331313 133 deputes 333 Lie'·
33313, 51; 11 promet (13 13111131 3 11333, 583 333333 33 11331333, 38; 11
3311331 13 13133 33 1133113333 11333313 3113133 3 3133111333, 119, 603 11 fixe
un render-vous 3 13313 33 11331333 3 11333313 11 1311113 3 11333, 3113 11
33133333 13311333313 331 13 1131333, (11; 31331331333311133333 qui 3313-
1331333113 131, ot; 133 3311111313 1331313331 pour 3131113, 31; 11 33 1333
3 1111313113 333133 33 1331333 11333333, (11; 333313 qu'ii 13113133 1313·
que au sujet 333 331313, 655 11 novient 311333, 653 11 331133 render-rous
3 13313 33 11331333 311333, 363 11 1311133333 1333333 333 altaque contre
ia 3113, (11; 11 1311331 3 1133331 separe ies combattauts, 673 les 11333313
131 demandent d'indiger 133 censuros canoniques 3 13313 33 11331333
311 13313311333333111333331333113, 68; 11 se 1333 3 1333333 devincente,
611; 1333333 13133111 (133 13333 11331133 331313 (133 1133333 pom 3331-
ρ313133133113,69; 11 33333 33113 33313113 aux 11333313, 69; 11 part nour
Maestricht, ⁷⁰3 reproehes qu'ii 3313333 313313 33 domoon, tt-74;
1313333 131 demando de 13 33333331 3 {Aegeum 1133133333 1133313
13133133 13313 33 11331333, 11; 1313333 1111 1311331313 qu'ii doit 13131-
331 333 3111133 31 131 (13313333. 333 33113133, 11; 13313 33 [1331333131
33333133333-133331313133, 783 333333 (1311331333 par 133 11333313,

 

